# This file may be used to create an environment using:
# $ conda create --name <env> --file <this file>
# platform: win-64
# created-by: conda 25.5.1
altgraph=0.17.5=pypi_0
bzip2=1.0.8=h2bbff1b_6
ca-certificates=2025.12.2=haa95532_0
colorama=0.4.6=pypi_0
coloredlogs=15.0.1=pypi_0
contourpy=1.3.3=pypi_0
cycler=0.12.1=pypi_0
expat=2.7.3=h885b0b7_4
filelock=3.20.0=pypi_0
flatbuffers=25.12.19=pypi_0
fonttools=4.61.0=pypi_0
fsspec=2025.12.0=pypi_0
humanfriendly=10.0=pypi_0
imagecodecs=2025.11.11=pypi_0
imageio=2.37.2=pypi_0
joblib=1.5.2=pypi_0
kiwisolver=1.4.9=pypi_0
lazy-loader=0.4=pypi_0
libexpat=2.7.3=h885b0b7_4
libffi=3.4.4=hd77b12b_1
libzlib=1.3.1=h02ab6af_0
markupsafe=2.1.5=pypi_0
matplotlib=3.10.7=pypi_0
ml-dtypes=0.5.4=pypi_0
mpmath=1.3.0=pypi_0
networkx=3.6.1=pypi_0
numpy=2.2.6=pypi_0
opencv-python=4.12.0.88=pypi_0
openssl=3.0.18=h543e019_0
ordered-set=4.1.0=pypi_0
packaging=25.0=pypi_0
pandas=2.3.3=pypi_0
pefile=2024.8.26=pypi_0
pillow=12.0.0=pypi_0
pip=25.3=pyhc872135_0
protobuf=6.33.4=pypi_0
pyinstaller=6.17.0=pypi_0
pyinstaller-hooks-contrib=2025.11=pypi_0
pyparsing=3.2.5=pypi_0
pyreadline3=3.5.4=pypi_0
pyside6=6.10.1=pypi_0
pyside6-addons=6.10.1=pypi_0
pyside6-essentials=6.10.1=pypi_0
python=3.11.14=h981015d_0
python-dateutil=2.9.0.post0=pypi_0
pytz=2025.2=pypi_0
pywin32-ctypes=0.2.3=pypi_0
scikit-image=0.25.2=pypi_0
scipy=1.16.3=pypi_0
seaborn=0.13.2=pypi_0
setuptools=80.9.0=py311haa95532_0
shiboken6=6.10.1=pypi_0
six=1.17.0=pypi_0
sqlite=3.51.0=hda9a48d_0
sympy=1.14.0=pypi_0
threadpoolctl=3.6.0=pypi_0
tifffile=2025.10.16=pypi_0
tk=8.6.15=hf199647_0
typing-extensions=4.15.0=pypi_0
tzdata=2025.3=pypi_0
ucrt=10.0.22621.0=haa95532_0
vc=14.3=h2df5915_10
vc14_runtime=14.44.35208=h4927774_10
vs2015_runtime=14.44.35208=ha6b5a95_10
wheel=0.45.1=py311haa95532_0
xz=5.6.4=h4754444_1
zlib=1.3.1=h02ab6af_0
zstandard=0.25.0=pypi_0
